# FractureId; NumTraces
0; 7
# TraceId; Tips; Length
6; 0; 5.5923416625985056e-01
4; 1; 5.2134621464115605e-01
1; 1; 4.7032590362590593e-01
5; 1; 3.7916349722085896e-01
0; 1; 3.5618104983908305e-01
2; 1; 2.1113168285242112e-01
3; 1; 4.3779456645486343e-03
# FractureId; NumTraces
1; 2
# TraceId; Tips; Length
8; 1; 3.6913757304931122e-01
7; 1; 1.6047132006394554e-01
# FractureId; NumTraces
2; 5
# TraceId; Tips; Length
11; 0; 6.3578961486633367e-01
10; 1; 9.3340054350227630e-01
0; 1; 3.5618104983908305e-01
12; 1; 3.2110792081349160e-01
9; 1; 2.2298320563068164e-01
# FractureId; NumTraces
3; 7
# TraceId; Tips; Length
14; 0; 1.9984728816018910e-01
16; 1; 6.3080223482893538e-01
13; 1; 5.3782015944367667e-01
1; 1; 4.7032590362590593e-01
15; 1; 3.2817152049643034e-01
9; 1; 2.2298320563068164e-01
7; 1; 1.6047132006394554e-01
# FractureId; NumTraces
4; 5
# TraceId; Tips; Length
18; 1; 6.6164527239209636e-01
13; 1; 5.3782015944367667e-01
8; 1; 3.6913757304931122e-01
2; 1; 2.1113168285242112e-01
17; 1; 1.1034641513676233e-01
# FractureId; NumTraces
5; 3
# TraceId; Tips; Length
20; 1; 3.2818130938168155e-01
19; 1; 2.1770514612608147e-01
3; 1; 4.3779456645486343e-03
# FractureId; NumTraces
6; 5
# TraceId; Tips; Length
10; 1; 9.3340054350227630e-01
22; 1; 6.4740372408949720e-01
4; 1; 5.2134621464115605e-01
21; 1; 5.1789811045770762e-01
14; 1; 1.9984728816018910e-01
# FractureId; NumTraces
7; 7
# TraceId; Tips; Length
23; 0; 1.9316491136133404e-01
11; 1; 6.3578961486633367e-01
24; 1; 5.2001815078619718e-01
21; 1; 5.1789811045770762e-01
5; 1; 3.7916349722085896e-01
15; 1; 3.2817152049643034e-01
17; 1; 1.1034641513676233e-01
# FractureId; NumTraces
8; 6
# TraceId; Tips; Length
18; 1; 6.6164527239209636e-01
22; 1; 6.4740372408949720e-01
16; 1; 6.3080223482893538e-01
6; 1; 5.5923416625985056e-01
19; 1; 2.1770514612608147e-01
23; 1; 1.9316491136133404e-01
# FractureId; NumTraces
9; 3
# TraceId; Tips; Length
24; 0; 5.2001815078619718e-01
20; 1; 3.2818130938168155e-01
12; 1; 3.2110792081349160e-01
